46 0 0 0 0 0
61 0 0 0 0 0
76 0 0 0 0 0
91 0 0 0 0 0
106 0 0 0 0 0
111 0 0 0 0 0
114 0 0 0 0 0
129 0 0 0 0 0
144 0 0 0 0 0
159 0 0 0 0 0
174 5 0 0 0 0
189 0 2 0 0 0
204 0 2 0 0 0
219 0 2 0 0 0
234 0 2 0 0 0
249 0 2 0 0 0
264 0 2 0 0 0
279 0 0 0 0 0
294 0 2 0 0 0
309 0 2 0 0 0
324 0 2 0 0 0
339 0 2 0 0 0
354 0 2 0 0 0
369 0 2 0 0 0
384 2 0 0 0 0
399 0 2 0 0 0
414 0 2 0 0 0
425 2 0 0 0 0
428 2 0 0 0 0
443 0 2 0 0 0
458 0 2 0 0 0
473 0 2 0 0 0
488 0 0 0 0 0
503 0 0 0 0 0
518 0 2 0 0 0
533 0 0 0 0 0
548 0 2 0 0 0
563 0 2 0 0 0
578 0 2 0 0 0
593 0 2 0 0 0
604 0 2 0 0 0
607 0 2 0 0 0
622 0 2 0 0 0
637 0 0 0 0 0
652 0 2 0 0 0
667 0 2 0 0 0
682 0 2 0 0 0
697 0 2 0 0 0
712 0 2 0 0 0
727 0 2 0 0 0
742 0 2 0 0 2
757 0 2 0 0 2
772 0 2 0 0 0
787 0 2 0 0 0
802 0 2 0 0 0
817 0 2 0 0 0
832 0 2 0 0 0
847 0 2 0 0 0
862 0 2 0 0 0
877 0 2 0 0 0
892 0 2 0 0 0
907 0 2 0 0 2
922 0 2 0 0 2
934 0 2 0 0 2
937 0 2 0 0 2
952 0 2 0 0 2
967 0 2 0 0 2
976 0 2 0 0 2
979 0 2 0 0 2
994 2 0 0 0 2
1009 3 5 0 0 2
1024 3 0 0 0 2
1039 0 5 0 0 2
1054 0 0 0 0 2
1069 2 0 0 0 2
1084 2 0 0 0 2
1099 2 0 0 0 0
1114 3 0 0 0 0
1120 2 0 0 0 0
1123 2 0 0 0 0
1138 2 0 0 0 0
1153 2 0 0 0 0
1168 2 0 0 0 0
1186 0 2 0 0 0
1189 0 2 0 0 0
1204 2 0 0 0 0
1219 2 0 0 0 0
1234 2 0 0 0 0
1249 2 0 0 0 0
1264 2 0 0 0 0
1279 2 0 0 0 0
1294 2 0 0 0 0
1309 2 0 0 0 0
1324 0 2 0 0 0
1339 0 2 0 0 0
1354 0 2 0 0 0
1369 0 2 0 0 0
1384 2 0 0 0 0
1399 2 0 0 0 0
1414 2 0 0 0 0
1429 2 0 0 0 0
1444 2 0 0 0 2
1459 2 0 0 0 2
1474 2 0 0 0 0
1489 2 0 0 0 2
1504 2 0 0 0 0
1519 2 0 0 0 0
1534 2 0 0 0 0
1549 2 0 0 0 0
1564 2 0 0 0 0
1579 2 0 0 0 0
1594 2 0 0 0 2
1597 0 2 0 0 2
1612 0 2 0 0 2
1627 0 2 0 0 2
1642 0 2 0 0 2
1657 5 3 0 0 0
1667 2 0 0 0 2
1670 0 5 0 0 0
1685 0 5 0 0 0
1700 2 0 0 0 2
1708 2 0 0 0 0
1711 2 0 0 0 0
1726 2 0 0 0 0
1741 2 0 0 0 0
1756 0 0 0 0 0
1761 2 0 0 0 0
1764 2 0 0 0 0
1779 2 0 0 0 0
1794 0 2 0 0 0
1809 0 2 0 0 0
1824 0 2 0 0 2
1839 0 2 0 0 0
1854 0 2 0 0 0
1869 0 2 0 0 0
1884 2 0 0 0 0
1899 2 0 0 0 0
1914 2 0 0 0 0
1929 2 0 0 0 0
1944 2 0 0 0 0
1959 2 0 0 0 2
1974 2 0 0 0 2
1989 2 0 0 0 2
2004 2 0 0 0 2
2019 2 0 0 0 2
2034 2 0 0 0 2
2049 2 0 0 0 2
2066 0 2 0 0 0
2069 0 2 0 0 0
2084 0 2 0 0 0
2099 0 2 0 0 0
2114 0 2 0 0 2
2129 0 2 0 0 0
2144 0 5 0 0 0
2151 0 5 0 0 0
2154 2 0 0 0 0
2169 2 0 0 0 2
2184 2 0 0 0 0
2199 2 0 0 0 0
2214 2 0 0 0 0
2232 2 0 0 0 0
2235 0 0 0 0 0
2250 0 0 0 0 0
2265 0 0 0 0 0
2280 0 0 0 0 0
2295 0 0 0 0 0
2301 0 0 0 0 0
2304 0 2 0 0 0
2319 5 0 2 0 0
2334 0 0 2 0 0
2349 0 0 2 0 2
2364 0 0 0 0 0
2379 0 2 0 0 0
2394 0 2 0 0 0
2406 0 2 0 0 0
2409 2 0 0 0 0
2424 2 0 0 0 0
2439 2 0 0 0 0
2454 2 0 0 0 0
2469 2 0 0 0 0
2485 0 0 2 0 0
2488 0 0 2 0 0
2503 0 0 2 0 0
2518 0 0 2 0 2
2533 0 0 2 0 2
2548 2 0 0 0 2
2563 0 0 2 0 2
2578 0 0 2 0 2
2593 0 0 2 0 2
2608 2 0 0 0 2
2623 0 0 2 0 2
2638 0 0 2 0 2
2653 0 0 2 0 2
2668 2 0 0 0 2
2683 0 0 2 0 0
2698 2 0 0 0 0
2713 2 0 0 0 0
2728 2 0 0 0 2
2743 2 0 0 0 2
2758 2 0 0 0 0
2773 2 0 0 0 0
2788 2 0 0 0 0
2803 2 0 0 0 0
2818 2 0 0 0 2
2833 2 0 0 0 2
2848 2 0 0 0 2
2863 2 0 0 0 2
2878 2 0 0 0 2
2893 2 0 0 0 2
2908 2 0 0 0 2
2923 2 0 0 0 2
2938 2 0 0 0 0
2953 2 0 0 0 0
2968 2 0 0 0 2
2983 2 0 0 0 0
2998 2 0 0 0 2
3013 2 0 0 0 2
3028 2 0 0 0 2
3047 0 2 0 0 0
3050 5 0 0 0 0
3065 0 0 0 0 0
3080 0 0 0 0 2
3095 0 0 2 0 0
3110 0 0 0 0 0
3125 0 0 2 0 0
3140 0 0 0 0 0
3155 0 2 0 0 0
3170 0 0 2 0 0
3185 0 2 0 0 0
3200 0 2 0 0 0
3215 0 2 0 0 0
3226 0 2 0 0 0
3229 0 2 0 0 0
3244 0 0 2 0 0
3259 0 0 2 0 0
3274 0 0 2 0 0
3289 0 0 2 0 0
3306 0 0 2 0 0
3309 0 0 2 0 0
3324 0 0 2 0 0
3339 0 0 2 0 0
3354 0 0 2 0 2
3369 0 0 2 0 2
3384 0 0 2 0 2
3399 0 0 2 0 2
3414 0 0 2 0 2
3429 0 0 2 0 2
3444 0 0 2 0 2
3459 0 0 2 0 2
3472 0 0 2 0 2
3475 0 0 2 0 2
3490 0 0 2 0 2
3505 0 0 2 0 2
3520 5 0 2 0 2
3535 0 0 2 0 0
3550 0 0 2 0 2
3565 0 2 0 0 2
3580 0 0 2 0 2
3595 0 2 0 0 2
3612 2 0 0 0 2
3615 2 0 0 0 0
3630 0 0 0 2 0
3645 0 0 0 2 0
3657 0 0 0 2 2
3660 0 0 0 2 0
3675 0 0 0 2 0
3690 0 0 0 2 0
3705 0 0 0 2 0
3720 0 0 0 2 0
3735 0 0 0 3 0
3748 0 0 2 0 0
3751 0 0 2 0 2
3766 0 0 2 0 2
3781 0 0 2 0 2
3796 0 0 2 0 2
3811 0 0 2 0 2
3826 0 0 2 0 2
3841 0 0 2 0 2
3856 0 0 0 0 0
3861 0 0 0 0 0
3864 0 0 0 0 2
3879 0 0 2 0 0
3894 0 2 0 0 0
3900 0 2 0 0 0
3903 0 2 0 0 0
3918 0 0 0 0 0
3933 0 0 0 0 0
3948 5 0 0 0 0
3963 5 0 0 0 0
3978 0 0 0 0 0
3993 5 0 0 0 0
4008 0 0 0 0 0
4024 5 0 0 0 0
4027 0 0 2 0 2
4042 0 2 0 0 0
4057 0 2 0 0 2
4072 0 0 2 0 2
4087 0 0 2 0 2
4102 0 0 2 0 2
4117 0 0 2 0 0
4132 0 0 2 0 2
4147 0 0 2 0 2
4162 0 0 2 0 2
4177 0 2 0 0 0
4192 0 2 0 0 2
4207 0 0 0 0 0
4222 0 0 2 0 0
4237 0 0 2 0 0
4252 0 0 2 0 0
4267 0 0 2 0 0
4282 0 0 2 0 0
4297 0 0 2 0 0
4312 0 0 2 0 0
4327 0 0 0 2 0
4342 0 0 0 2 0
4357 0 0 2 0 0
4372 0 0 2 0 2
4387 0 0 2 0 2
4402 0 0 2 0 0
4417 2 0 0 0 0
4432 0 0 0 0 0
4447 0 0 0 0 0
4462 0 0 0 2 0
4477 0 2 0 0 0
4492 0 2 0 0 0
4507 0 0 2 0 0
4522 0 2 0 0 0
4537 0 2 0 0 0
4552 0 0 0 0 0
4567 0 0 0 0 0
4582 0 0 0 0 0
4597 0 2 0 0 0
4612 0 2 0 0 0
4627 0 0 0 0 0
4642 0 0 0 0 0
4649 0 0 0 0 0
