163 0 0 0 0 0
178 0 0 0 0 0
193 0 3 0 0 0
208 0 3 0 0 0
223 0 3 0 0 0
240 0 3 0 0 0
243 0 3 0 0 0
258 0 3 0 0 0
273 0 0 3 0 0
288 0 3 0 0 0
303 0 3 0 0 0
318 0 3 0 0 0
333 0 3 0 0 0
348 0 3 0 0 0
363 3 0 0 0 0
378 3 0 0 0 0
397 3 0 0 0 0
400 3 0 0 0 0
415 3 0 0 0 0
430 3 0 0 0 0
445 3 0 0 0 0
460 3 0 0 0 0
475 0 0 3 0 0
490 0 0 3 0 0
501 0 0 0 3 0
504 0 0 0 3 0
519 0 0 0 3 0
534 0 0 0 3 0
549 0 0 0 3 0
564 0 0 3 0 0
569 0 0 3 0 0
572 0 0 3 0 0
587 0 0 3 0 0
602 0 0 3 0 0
617 0 0 3 0 0
632 0 0 3 0 0
647 0 0 3 0 0
662 0 0 3 0 0
677 0 0 3 0 0
692 0 0 3 0 0
707 0 0 3 0 0
722 0 0 3 0 0
737 0 0 0 3 0
749 0 3 0 0 0
752 0 0 0 3 0
767 0 0 0 0 0
782 0 3 0 0 0
797 0 3 0 0 0
812 0 3 0 0 0
827 0 3 0 0 0
842 0 3 0 0 0
857 0 3 0 0 0
872 0 3 0 0 0
881 0 3 0 0 0
884 0 3 0 0 0
899 0 3 0 0 0
914 0 3 0 0 0
929 0 3 0 0 0
944 3 0 0 0 0
959 3 0 0 0 0
973 3 0 0 0 0
976 3 0 0 0 0
991 3 0 0 0 0
1006 3 0 0 0 0
1021 3 0 0 0 0
1036 3 0 0 0 0
1052 3 0 0 0 0
1055 3 0 0 0 0
1070 3 0 0 0 0
1085 3 0 0 0 0
1099 3 0 0 0 0
1102 3 0 0 0 0
1117 3 0 0 0 0
1132 3 0 0 0 0
1147 3 0 0 0 0
1162 3 0 0 0 0
1177 3 0 0 0 0
1192 3 0 0 0 0
1207 3 0 0 0 0
1222 3 0 0 0 0
1237 3 0 0 0 0
1247 0 3 0 0 0
1250 0 3 0 0 0
1265 0 3 0 0 0
1280 0 0 0 0 0
1295 0 0 0 0 0
1310 0 0 0 0 0
1325 0 0 0 0 0
1340 0 0 0 0 0
1358 0 0 0 0 0
