21 0 0 0 0 0
36 0 0 0 0 0
51 0 0 0 3 0
66 0 0 0 3 0
81 0 0 0 3 0
96 0 0 3 0 0
103 0 0 3 0 0
106 0 0 3 0 0
121 0 0 3 0 0
136 0 3 0 0 0
151 0 3 0 0 0
166 0 3 0 0 0
181 3 0 0 0 0
196 0 0 0 3 0
211 0 0 3 0 0
219 0 0 3 0 0
222 0 0 3 0 0
237 0 0 3 0 0
252 0 0 3 0 0
267 0 0 3 0 0
282 0 0 3 0 0
291 0 0 0 3 0
294 0 0 0 3 0
309 0 0 0 3 0
324 0 0 3 0 0
339 0 0 0 3 0
354 0 0 0 3 0
369 0 0 0 3 0
384 0 0 0 3 0
399 0 0 0 3 0
408 0 0 0 3 0
411 0 0 0 3 0
426 0 0 3 0 0
441 0 0 3 0 0
456 0 0 3 0 0
471 0 0 3 0 0
486 3 0 0 0 0
501 3 0 0 0 0
516 3 0 0 0 0
531 0 3 0 0 0
546 0 0 0 3 0
551 0 0 0 3 0
554 0 0 0 0 0
569 0 0 0 0 0
584 0 3 0 0 0
599 0 3 0 0 0
614 0 3 0 0 0
632 0 3 0 0 0
635 0 3 0 0 0
650 0 0 3 0 0
665 0 3 0 0 0
680 0 3 0 0 0
695 0 3 0 0 0
710 0 3 0 0 0
725 0 3 0 0 0
740 3 0 0 0 0
755 3 0 0 0 0
770 3 0 0 0 0
785 3 0 0 0 0
797 3 0 0 0 0
800 3 0 0 0 0
815 3 0 0 0 0
830 3 0 0 0 0
845 3 0 0 0 0
860 3 0 0 0 0
875 3 0 0 0 0
892 3 0 0 0 0
895 3 0 0 0 0
910 3 0 0 0 0
925 3 0 0 0 0
940 3 0 0 0 0
955 3 0 0 0 0
970 3 0 0 0 0
985 3 0 0 0 0
1000 3 0 0 0 0
1005 3 0 0 0 0
1008 3 0 0 0 0
1023 3 0 0 0 0
1038 3 0 0 0 0
1053 3 0 0 0 0
1068 3 0 0 0 0
1083 3 0 0 0 0
1098 3 0 0 0 0
1113 3 0 0 0 0
1128 3 0 0 0 0
1143 0 3 0 0 0
1149 0 3 0 0 0
1152 0 3 0 0 0
1167 0 0 0 0 0
1182 0 0 0 0 0
1197 3 0 0 0 0
1212 3 0 0 0 0
1225 3 0 0 0 0
