43 0 0 0 0 0
58 0 0 0 3 0
73 0 3 0 0 0
88 0 3 0 0 0
103 0 3 0 0 0
118 0 3 0 0 0
129 0 3 0 0 0
132 0 3 0 0 0
147 0 3 0 0 0
162 0 3 0 0 0
177 0 3 0 0 0
192 0 3 0 0 0
207 3 0 0 0 0
222 3 0 0 0 0
237 3 0 0 0 0
252 3 0 0 0 0
267 3 0 0 0 0
286 3 0 0 0 0
289 3 0 0 0 0
304 3 0 0 0 0
319 3 0 0 0 0
334 3 0 0 0 0
349 0 0 0 3 0
355 0 0 0 3 0
358 0 0 0 3 0
373 0 0 0 3 0
388 0 0 0 3 0
403 0 0 0 3 0
418 0 0 0 3 0
433 0 0 0 3 0
439 0 0 3 0 0
442 0 0 3 0 0
457 0 0 3 0 0
472 0 0 3 0 0
487 0 0 3 0 0
502 0 0 3 0 0
517 3 0 0 0 0
532 3 0 0 0 0
547 3 0 0 0 0
562 3 0 0 0 0
577 3 0 0 0 0
592 0 3 0 0 0
600 0 3 0 0 0
603 0 3 0 0 0
618 0 0 0 0 0
633 0 3 0 0 0
648 0 3 0 0 0
663 0 3 0 0 0
671 0 3 0 0 0
674 0 3 0 0 0
689 0 3 0 0 0
704 0 3 0 0 0
719 0 3 0 0 0
734 3 0 0 0 0
749 3 0 0 0 0
764 3 0 0 0 0
777 3 0 0 0 0
780 3 0 0 0 0
795 0 3 0 0 0
810 0 3 0 0 0
825 0 3 0 0 0
836 0 3 0 0 0
839 0 3 0 0 0
854 0 3 0 0 0
869 0 3 0 0 0
884 0 3 0 0 0
894 0 3 0 0 0
897 0 3 0 0 0
912 0 3 0 0 0
927 0 3 0 0 0
942 3 0 0 0 0
957 3 0 0 0 0
972 3 0 0 0 0
987 3 0 0 0 0
1002 3 0 0 0 0
1017 3 0 0 0 0
1032 3 0 0 0 0
1047 3 0 0 0 0
1062 0 3 0 0 0
1077 0 3 0 0 0
1083 0 3 0 0 0
1086 0 3 0 0 0
1101 0 0 0 0 0
1116 0 0 0 0 0
1131 0 0 0 0 0
1146 0 0 0 0 0
1161 0 0 0 0 0
1168 0 0 0 0 0
