2 0 0 2 0 0
14 0 0 2 0 0
28 0 0 2 0 0
31 0 0 2 0 0
46 0 0 2 0 0
61 0 0 2 0 0
76 3 0 2 0 0
91 2 0 2 0 0
106 2 0 2 0 0
121 2 0 2 0 0
139 0 0 2 0 0
142 0 0 3 0 0
157 2 0 2 0 0
172 2 0 0 0 0
187 2 0 3 0 0
202 2 0 3 0 0
217 2 0 2 0 0
232 2 0 2 0 0
247 2 0 2 0 0
255 2 0 2 0 0
258 2 0 2 0 0
273 3 0 2 0 0
288 0 0 2 0 0
303 0 0 2 0 0
311 0 0 2 0 0
314 0 0 2 0 0
329 0 0 2 0 0
344 0 0 2 0 0
359 0 0 2 0 0
374 0 0 2 0 0
389 0 0 2 0 0
404 2 0 2 0 0
419 2 0 2 0 0
434 2 0 2 0 0
449 2 0 2 0 0
456 2 0 2 0 0
459 2 0 2 0 0
474 2 0 2 0 0
489 2 0 3 0 0
504 0 0 0 0 0
519 0 0 0 0 0
534 0 0 0 0 0
549 0 0 0 0 0
564 0 0 0 0 0
581 0 0 0 0 0
584 0 0 0 0 0
599 0 0 0 0 0
614 2 0 3 0 0
629 2 0 3 0 0
644 2 0 2 0 0
659 2 0 2 0 0
674 2 0 2 0 0
689 2 0 3 0 0
708 2 0 2 0 0
711 0 0 2 0 0
726 3 0 2 0 0
741 3 0 2 0 0
756 0 0 2 0 0
771 3 0 2 0 0
786 3 0 2 0 0
801 3 0 2 0 0
816 3 0 2 0 0
831 3 0 2 0 0
841 3 0 2 0 0
844 3 0 2 0 0
859 3 0 2 0 0
874 3 0 2 0 0
889 3 0 0 0 0
904 3 0 2 0 0
919 3 0 2 0 0
934 3 0 2 0 0
949 3 0 2 0 0
964 3 0 2 0 0
979 3 0 2 0 0
994 3 0 2 0 0
1009 2 0 2 0 0
1024 2 0 2 0 0
1039 2 0 2 0 0
1054 2 0 2 0 0
1071 0 0 2 0 0
1074 2 0 2 0 0
1089 2 0 2 0 0
1104 2 0 3 0 0
1119 2 0 3 0 0
1134 0 0 3 0 0
1149 0 0 2 0 0
1164 0 0 0 0 0
1179 0 0 0 0 0
1197 0 0 0 0 0
1200 0 0 0 0 0
1215 0 0 0 0 0
1230 0 0 0 0 0
1245 2 0 0 0 0
1260 2 0 0 0 0
1275 2 0 2 0 0
1290 2 0 2 0 0
1305 2 0 2 0 0
1320 2 0 2 0 0
1323 2 0 2 0 0
1338 3 0 2 0 0
1353 3 0 2 0 0
1368 3 0 2 0 0
1383 3 0 2 0 0
1398 3 0 2 0 0
1409 3 0 2 0 0
1412 3 0 2 0 0
1427 3 0 2 0 0
1442 3 0 2 0 0
1457 3 0 2 0 0
1472 3 0 2 0 0
1487 3 0 2 0 0
1502 3 0 2 0 0
1517 3 0 2 0 0
1532 0 0 2 0 0
1547 2 0 2 0 0
1562 2 0 2 0 0
1577 2 0 2 0 0
1592 2 0 2 0 0
1600 2 0 2 0 0
1603 2 0 2 0 0
1618 3 0 2 0 0
1633 0 0 3 0 0
1648 0 0 3 0 0
1663 0 0 0 0 0
1678 0 0 0 0 0
1693 0 0 0 0 0
1700 0 0 3 0 0
1703 0 0 3 0 0
1718 0 0 0 0 0
1733 2 0 3 0 0
1748 2 0 2 0 0
1763 2 0 2 0 0
1773 2 0 2 0 0
1776 2 0 2 0 0
1791 2 0 2 0 0
1806 3 0 2 0 0
1821 3 0 2 0 0
1836 3 0 2 0 0
1851 3 0 2 0 0
1866 3 0 2 0 0
1874 3 0 2 0 0
1877 3 0 2 0 0
1892 3 0 2 0 0
1907 3 0 2 0 0
1922 3 0 2 0 0
1937 3 0 2 0 0
1952 3 0 2 0 0
1967 3 0 2 0 0
1982 3 0 2 0 0
1997 3 0 2 0 0
2012 0 0 2 0 0
2027 2 0 2 0 0
2042 2 0 2 0 0
2048 2 0 2 0 0
2051 2 0 2 0 0
2066 2 0 3 0 0
2081 2 0 2 0 0
2096 2 0 3 0 0
2111 0 0 2 0 0
2126 0 0 0 0 0
2141 0 0 3 0 0
2156 0 0 3 0 0
2171 0 0 0 0 0
2186 0 0 0 0 0
2201 0 0 3 0 0
2216 2 0 3 0 0
2231 2 0 2 0 0
2248 2 0 3 0 0
2251 2 0 3 0 0
2266 0 0 2 0 0
2281 0 0 2 0 0
2296 0 0 2 0 0
2311 0 0 2 0 0
2326 0 0 2 0 0
2341 0 0 2 0 0
2356 3 0 3 0 0
2371 2 0 3 0 0
2386 2 0 0 0 0
2401 2 0 0 0 0
2416 2 0 0 0 0
2431 2 0 0 0 0
2448 2 0 0 0 0
