24 0 0 2 0 0
36 0 0 2 0 0
48 0 0 2 0 0
54 0 0 2 0 0
57 0 0 2 0 0
72 0 0 2 0 0
87 0 0 2 0 0
102 0 0 2 0 0
117 2 0 2 0 0
132 2 0 2 0 0
137 2 0 2 0 0
140 2 0 2 0 0
155 2 0 3 0 0
170 2 0 2 0 0
185 2 0 2 0 0
200 2 0 2 0 0
212 2 0 2 0 0
215 2 0 2 0 0
230 0 0 2 0 0
245 0 0 2 0 0
260 0 0 2 0 0
275 0 0 2 0 0
290 0 0 2 0 0
297 3 0 0 0 0
300 0 0 0 0 0
315 0 0 2 0 0
330 0 0 2 0 0
345 0 0 2 0 0
360 0 0 2 0 0
375 0 0 2 0 0
389 0 0 2 0 0
392 0 0 2 0 0
407 2 0 2 0 0
422 3 0 2 0 0
437 0 0 0 0 0
452 0 0 0 0 0
467 0 0 0 0 0
482 0 0 0 0 0
490 0 0 0 0 0
493 0 0 0 0 0
508 0 0 0 0 0
523 0 0 2 0 0
538 2 0 3 0 0
553 2 0 2 0 0
568 2 0 2 0 0
571 2 0 0 0 0
586 3 0 2 0 0
601 0 0 2 0 0
616 3 0 2 0 0
631 3 0 2 0 0
646 3 0 2 0 0
661 3 0 2 0 0
674 3 0 2 0 0
677 3 0 2 0 0
692 3 0 2 0 0
707 3 0 2 0 0
722 3 0 2 0 0
737 3 0 2 0 0
752 3 0 2 0 0
767 0 0 2 0 0
782 0 0 2 0 0
797 0 0 2 0 0
812 0 0 2 0 0
827 2 0 2 0 0
842 2 0 2 0 0
856 0 0 2 0 0
859 2 0 2 0 0
874 0 0 2 0 0
889 0 0 2 0 0
904 2 0 2 0 0
919 2 0 2 0 0
934 0 0 3 0 0
949 0 0 3 0 0
964 0 0 0 0 0
979 0 0 0 0 0
994 0 0 0 0 0
1009 0 0 0 0 0
1024 0 0 0 0 0
1039 0 0 0 0 0
1054 0 0 0 0 0
1057 0 0 0 0 0
1072 0 0 0 0 0
1087 0 0 0 0 0
1102 2 0 0 0 0
1117 2 0 0 0 0
1132 2 0 2 0 0
1147 2 0 2 0 0
1158 0 0 2 0 0
1161 2 0 2 0 0
1176 3 0 2 0 0
1191 2 0 2 0 0
1206 2 0 2 0 0
1221 2 0 2 0 0
1236 2 0 0 0 0
1251 2 0 2 0 0
1266 2 0 2 0 0
1280 2 0 2 0 0
1283 2 0 2 0 0
1298 3 0 2 0 0
1313 3 0 2 0 0
1328 3 0 3 0 0
1343 3 0 0 0 0
1358 3 0 0 0 0
1361 3 0 0 0 0
1376 3 0 0 0 0
1391 3 0 2 0 0
1406 3 0 2 0 0
1421 3 0 2 0 0
1436 3 0 2 0 0
1451 2 0 2 0 0
1466 2 0 2 0 0
1481 2 0 2 0 0
1489 2 0 2 0 0
1492 2 0 2 0 0
1507 2 0 2 0 0
1522 2 0 3 0 0
1537 0 0 3 0 0
1552 0 0 3 0 0
1567 0 0 0 0 0
1586 0 0 0 0 0
1589 0 0 0 0 0
1604 0 0 0 0 0
1619 2 0 0 0 0
1634 3 0 2 0 0
1649 3 0 2 0 0
1664 2 0 0 0 0
1679 3 0 2 0 0
1682 2 0 3 0 0
1697 0 0 3 0 0
1712 3 0 2 0 0
1727 3 0 2 0 0
1742 3 0 2 0 0
1748 3 0 2 0 0
1751 3 0 3 0 0
1766 3 0 2 0 0
1781 3 0 2 0 0
1796 3 0 2 0 0
1811 3 0 2 0 0
1826 3 0 2 0 0
1841 3 0 2 0 0
1856 3 0 2 0 0
1871 3 0 2 0 0
1886 3 0 2 0 0
1901 3 0 2 0 0
1916 3 0 2 0 0
1931 3 0 2 0 0
1946 3 0 2 0 0
1961 3 0 2 0 0
1976 0 0 2 0 0
1991 0 0 2 0 0
2006 0 0 2 0 0
2021 3 0 2 0 0
2036 3 0 2 0 0
2051 3 0 2 0 0
2066 3 0 2 0 0
2081 3 0 2 0 0
2096 3 0 2 0 0
2111 0 0 2 0 0
2126 0 0 2 0 0
2141 2 0 2 0 0
2156 2 0 2 0 0
2171 2 0 2 0 0
2186 2 0 2 0 0
2189 2 0 2 0 0
2204 0 0 3 0 0
2219 0 0 2 0 0
2234 0 0 2 0 0
2249 0 0 0 0 0
2264 0 0 0 0 0
2269 0 0 0 0 0
2272 0 0 0 0 0
2287 0 0 0 0 0
2302 2 0 3 0 0
2317 2 0 2 0 0
2332 2 0 2 0 0
2347 0 0 2 0 0
2362 0 0 2 0 0
2377 0 0 2 0 0
2392 0 0 2 0 0
2407 0 0 2 0 0
2422 0 0 2 0 0
2437 0 0 2 0 0
2452 0 0 2 0 0
2467 2 0 2 0 0
2482 2 0 0 0 0
2497 3 0 0 0 0
2512 2 0 0 0 0
2527 3 0 0 0 0
2542 3 0 0 0 0
2548 2 0 0 0 0
