28 0 0 3 0 0
43 0 0 3 0 0
58 3 0 0 0 0
73 3 0 0 0 0
80 3 0 3 0 0
83 3 0 0 0 0
98 3 0 3 0 0
113 3 0 3 0 0
128 3 0 3 0 0
143 3 0 3 0 0
158 3 0 3 0 0
173 3 0 3 0 0
181 3 0 3 0 0
184 3 0 3 0 0
196 3 0 3 0 0
209 3 0 3 0 0
212 3 0 3 0 0
227 3 0 3 0 0
242 3 0 3 0 0
257 3 0 3 0 0
260 3 0 3 0 0
275 3 0 3 0 0
290 3 0 3 0 0
305 0 0 3 0 0
320 0 0 3 0 0
335 0 0 3 0 0
350 0 0 3 0 0
365 0 0 3 0 0
382 0 0 3 0 0
385 0 0 3 0 0
400 3 0 3 0 0
415 3 0 0 0 0
430 3 0 3 0 0
445 3 0 0 0 0
460 3 0 3 0 0
475 3 0 0 0 0
490 3 0 0 0 0
505 3 0 0 0 0
520 3 0 0 0 0
535 3 0 0 0 0
550 3 0 0 0 0
565 3 0 3 0 0
580 3 0 3 0 0
595 3 0 3 0 0
610 3 0 3 0 0
625 0 0 0 0 0
631 0 0 3 0 0
634 3 0 3 0 0
649 3 0 3 0 0
664 3 0 3 0 0
674 3 0 3 0 0
677 3 0 0 0 0
692 3 0 3 0 0
707 3 0 3 0 0
722 3 0 3 0 0
734 3 0 3 0 0
737 3 0 3 0 0
752 3 0 3 0 0
767 3 0 3 0 0
782 3 0 3 0 0
797 0 0 3 0 0
812 0 0 3 0 0
827 0 0 3 0 0
842 0 0 3 0 0
847 0 0 3 0 0
850 0 0 3 0 0
865 0 0 0 0 0
880 3 0 3 0 0
895 3 0 0 0 0
910 0 0 0 0 0
925 0 0 0 0 0
940 3 0 0 0 0
955 3 0 0 0 0
970 3 0 0 0 0
985 3 0 0 0 0
998 3 0 3 0 0
