21 0 0 0 0 0
36 0 0 0 0 0
51 0 0 0 0 0
66 0 0 0 0 0
81 0 0 0 0 0
96 0 0 0 0 0
103 0 0 0 0 0
106 0 0 0 0 0
121 0 0 0 0 0
136 0 0 0 0 0
151 0 0 0 0 0
166 0 0 0 0 0
181 0 0 0 0 0
196 0 0 0 0 0
211 0 0 0 0 0
219 0 0 0 0 0
222 0 0 0 0 0
237 0 0 0 0 0
252 0 0 0 0 0
267 0 0 0 0 0
282 0 0 0 0 0
291 0 0 0 0 0
294 0 0 0 0 0
309 0 0 0 0 0
324 0 0 0 0 0
339 0 0 0 0 0
354 0 0 0 0 0
369 0 0 0 0 0
384 0 0 0 0 0
399 0 0 0 0 0
408 0 0 0 0 0
411 0 0 0 0 0
426 0 0 0 0 0
441 0 0 0 0 0
456 0 0 0 0 0
471 0 0 0 0 0
486 0 0 0 0 0
501 0 0 0 0 0
516 0 0 0 0 0
531 0 0 0 0 0
546 0 0 0 0 0
551 0 0 0 0 0
554 0 0 0 0 0
569 0 0 0 0 0
584 0 0 0 0 0
599 0 0 0 0 0
614 0 0 0 0 0
632 0 0 0 0 0
635 0 0 0 0 0
650 0 0 0 0 0
665 0 0 0 0 0
680 0 0 0 0 0
695 0 0 0 0 0
710 0 0 0 0 0
725 0 0 0 0 0
740 0 0 0 0 0
755 0 0 0 0 0
770 0 0 0 0 0
785 0 0 0 0 0
797 0 0 0 0 0
800 0 0 0 0 0
815 0 0 0 0 0
830 0 0 0 0 0
845 0 0 0 0 0
860 0 0 0 0 0
875 0 0 0 0 0
892 0 0 0 0 0
895 0 0 0 0 0
910 0 0 0 0 0
925 0 0 0 0 0
940 0 0 0 0 0
955 0 0 0 0 0
970 0 0 0 0 0
985 0 0 0 0 0
1000 0 0 0 0 0
1005 0 0 0 0 0
1008 0 0 0 0 0
1023 0 0 0 0 0
1038 0 0 0 0 0
1053 0 0 0 0 0
1068 0 0 0 0 0
1083 0 0 0 0 0
1098 0 0 0 0 0
1113 0 0 0 0 0
1128 0 0 0 0 0
1143 0 0 0 0 0
1149 0 0 0 0 0
1152 0 0 0 0 0
1167 0 0 0 0 0
1182 0 0 0 0 0
1197 0 0 0 0 0
1212 0 0 0 0 0
1225 0 0 0 0 0
