163 0 0 0 0 0
178 0 0 0 0 0
193 3 0 0 0 0
208 3 0 3 0 0
223 3 0 3 0 0
240 3 0 3 0 0
243 3 0 3 0 0
258 3 0 3 0 0
273 3 0 3 0 0
288 3 0 3 0 0
303 3 0 3 0 0
318 3 0 3 0 0
333 3 0 3 0 0
348 3 0 3 0 0
363 3 0 3 0 0
378 3 0 3 0 0
397 3 0 3 0 0
400 3 0 3 0 0
415 3 0 3 0 0
430 0 0 3 0 0
445 3 0 3 0 0
460 3 0 3 0 0
475 3 0 3 0 0
490 3 0 3 0 0
501 3 0 3 0 0
504 3 0 3 0 0
519 3 0 3 0 0
534 3 0 3 0 0
549 3 0 3 0 0
564 3 0 3 0 0
569 3 0 3 0 0
572 3 0 3 0 0
587 3 0 3 0 0
602 3 0 3 0 0
617 3 0 3 0 0
632 3 0 3 0 0
647 3 0 3 0 0
662 3 0 3 0 0
677 3 0 3 0 0
692 3 0 3 0 0
707 3 0 3 0 0
722 3 0 3 0 0
737 3 0 3 0 0
749 3 0 3 0 0
752 3 0 3 0 0
767 3 0 0 0 0
782 3 0 3 0 0
797 0 0 3 0 0
812 0 0 3 0 0
827 3 0 3 0 0
842 3 0 3 0 0
857 3 0 3 0 0
872 3 0 3 0 0
881 0 0 3 0 0
884 0 0 3 0 0
899 3 0 3 0 0
914 3 0 3 0 0
929 3 0 3 0 0
944 3 0 3 0 0
959 3 0 3 0 0
973 3 0 3 0 0
976 3 0 3 0 0
991 3 0 3 0 0
1006 3 0 3 0 0
1021 3 0 3 0 0
1036 3 0 3 0 0
1052 3 0 3 0 0
1055 3 0 3 0 0
1070 3 0 3 0 0
1085 3 0 3 0 0
1099 3 0 0 0 0
1102 3 0 3 0 0
1117 3 0 3 0 0
1132 3 0 3 0 0
1147 3 0 3 0 0
1162 3 0 3 0 0
1177 3 0 3 0 0
1192 0 0 3 0 0
1207 0 0 3 0 0
1222 0 0 3 0 0
1237 0 0 3 0 0
1247 3 0 3 0 0
1250 3 0 3 0 0
1265 0 0 3 0 0
1280 0 0 0 0 0
1295 0 0 0 0 0
1310 0 0 0 0 0
1325 3 0 0 0 0
1340 0 0 0 0 0
1358 3 0 0 0 0
