46 2 0 0 0 0
61 2 0 0 0 0
76 2 0 0 0 0
91 2 0 0 0 0
106 2 0 0 0 0
111 2 0 0 0 0
114 2 0 0 0 0
129 0 0 0 0 0
144 2 0 0 0 0
159 0 0 0 0 0
174 2 0 2 0 2
189 2 0 2 0 0
204 3 0 2 0 0
219 0 0 2 0 0
234 2 0 2 0 0
249 2 0 2 0 0
264 0 0 2 0 0
279 0 0 0 0 0
294 3 0 3 0 0
309 3 0 2 0 0
324 2 0 2 0 0
339 2 0 2 0 0
354 0 0 0 0 0
369 0 0 2 0 2
384 0 5 0 0 0
399 2 0 2 0 0
414 0 5 0 0 0
425 0 5 0 0 0
428 0 5 0 0 0
443 2 0 2 0 0
458 0 0 0 0 0
473 2 0 2 0 0
488 2 0 2 0 0
503 0 0 2 0 0
518 2 0 0 0 0
533 0 0 0 0 0
548 0 0 0 0 0
563 0 0 0 0 0
578 0 0 0 0 0
593 0 0 0 0 0
604 0 0 0 0 0
607 0 0 0 0 0
622 0 0 0 0 0
637 0 0 0 0 0
652 0 0 0 0 0
667 2 0 0 0 0
682 2 0 2 0 0
697 2 0 0 0 0
712 2 0 0 0 0
727 2 0 0 0 2
742 2 0 0 0 2
757 2 0 0 0 2
772 2 0 0 0 0
787 2 0 0 0 2
802 2 0 0 0 0
817 2 0 0 0 2
832 2 0 0 0 0
847 2 0 0 0 0
862 2 0 0 0 0
877 2 0 0 0 0
892 2 0 0 0 0
907 2 0 2 0 2
922 2 0 2 0 2
934 2 0 0 0 2
937 2 0 2 0 2
952 2 0 2 0 2
967 2 0 2 0 2
976 2 0 2 0 2
979 2 0 2 0 2
994 2 0 2 0 2
1009 0 0 2 0 2
1024 0 5 2 0 2
1039 2 0 2 0 2
1054 3 0 0 0 2
1069 3 0 2 0 0
1084 2 0 0 0 2
1099 0 5 2 0 0
1114 2 0 2 0 2
1120 0 5 2 0 2
1123 2 0 2 0 2
1138 2 0 2 0 2
1153 2 0 2 0 0
1168 2 0 2 0 0
1186 2 0 0 0 0
1189 2 0 2 0 0
1204 2 0 2 0 0
1219 2 0 2 0 0
1234 2 0 2 0 0
1249 2 0 2 0 0
1264 2 0 2 0 0
1279 2 0 2 0 0
1294 2 0 2 0 0
1309 2 0 2 0 2
1324 2 0 2 0 2
1339 2 0 2 0 2
1354 2 0 2 0 2
1369 2 0 2 0 2
1384 2 0 2 0 2
1399 2 0 3 0 2
1414 2 0 0 0 2
1429 2 0 2 0 2
1444 2 0 3 0 0
1459 3 0 3 0 0
1474 3 5 0 0 0
1489 3 5 2 0 0
1504 2 0 2 0 2
1519 0 0 2 0 0
1534 0 0 2 0 0
1549 2 0 2 0 2
1564 3 5 2 0 2
1579 2 0 2 0 0
1594 2 0 2 0 0
1597 2 0 0 0 2
1612 2 0 0 0 0
1627 2 0 0 0 0
1642 2 0 2 0 2
1657 2 0 2 0 2
1667 2 0 0 0 0
1670 2 0 2 0 0
1685 2 0 2 0 0
1700 2 0 2 0 2
1708 0 5 2 0 0
1711 2 0 2 0 0
1726 2 0 0 0 2
1741 2 0 2 0 2
1756 2 0 2 0 0
1761 2 0 2 0 0
1764 2 0 2 0 0
1779 0 0 0 0 0
1794 2 0 2 0 0
1809 2 0 3 0 0
1824 2 0 0 0 2
1839 2 0 0 0 2
1854 2 0 3 0 2
1869 2 0 0 0 0
1884 2 0 2 0 0
1899 2 0 2 0 2
1914 2 0 0 0 0
1929 3 5 2 0 0
1944 2 0 2 0 2
1959 2 0 2 0 2
1974 2 0 2 0 2
1989 2 0 0 0 0
2004 2 0 2 0 2
2019 2 0 2 0 0
2034 2 0 0 0 0
2049 2 0 0 0 0
2066 2 0 0 0 2
2069 2 0 0 0 2
2084 2 0 0 0 0
2099 2 0 0 0 0
2114 2 0 0 0 0
2129 2 0 2 0 2
2144 2 0 2 0 2
2151 2 0 2 0 0
2154 2 0 2 0 0
2169 2 0 2 0 2
2184 2 0 2 0 0
2199 2 0 2 0 0
2214 3 5 2 0 0
2232 2 0 2 0 0
2235 3 5 2 0 0
2250 2 0 2 0 2
2265 2 0 2 0 0
2280 2 0 2 0 0
2295 2 0 0 0 0
2301 2 0 0 0 0
2304 2 0 0 0 0
2319 2 0 0 0 0
2334 2 0 0 0 0
2349 2 0 0 0 2
2364 2 0 0 0 0
2379 2 0 2 0 0
2394 3 5 0 0 0
2406 0 5 0 0 0
2409 2 0 0 0 0
2424 2 0 0 0 0
2439 2 0 0 0 0
2454 2 0 2 0 0
2469 2 0 2 0 0
2485 2 0 0 0 0
2488 0 0 0 0 0
2503 2 0 2 0 0
2518 2 0 0 0 0
2533 0 0 0 0 0
2548 2 0 2 0 0
2563 2 0 0 0 0
2578 2 0 0 0 0
2593 0 0 0 0 2
2608 2 0 0 0 0
2623 0 0 0 0 0
2638 2 0 0 0 2
2653 2 0 2 0 0
2668 0 0 0 0 0
2683 0 0 0 0 0
2698 0 0 0 0 0
2713 0 0 0 0 0
2728 2 0 0 0 0
2743 2 0 0 0 2
2758 0 0 0 0 0
2773 0 0 0 0 0
2788 2 0 0 0 0
2803 2 0 0 0 0
2818 2 0 0 0 0
2833 2 0 0 0 0
2848 2 0 0 0 0
2863 2 0 3 0 0
2878 2 0 3 0 0
2893 2 0 0 0 0
2908 2 0 0 0 0
2923 2 0 0 0 0
2938 2 0 0 0 2
2953 2 0 0 0 0
2968 2 0 0 0 2
2983 2 0 2 0 2
2998 2 0 0 0 0
3013 2 0 0 0 0
3028 2 0 0 0 0
3047 2 0 0 0 0
3050 2 0 0 0 0
3065 2 0 0 0 0
3080 2 0 0 0 0
3095 2 0 0 0 0
3110 2 0 0 0 0
3125 2 0 0 0 0
3140 2 0 0 0 0
3155 2 0 0 0 2
3170 2 0 2 0 2
3185 2 0 0 0 2
3200 0 5 3 0 2
3215 0 5 0 0 2
3226 0 5 0 0 2
3229 0 5 0 0 0
3244 0 0 0 0 0
3259 0 0 0 0 0
3274 0 5 0 0 0
3289 0 0 0 0 0
3306 0 0 0 0 0
3309 0 5 0 0 0
3324 3 5 0 0 0
3339 0 5 0 0 0
3354 2 0 0 0 0
3369 2 0 0 0 0
3384 2 0 0 0 0
3399 2 0 0 0 2
3414 2 0 0 0 0
3429 2 0 0 0 0
3444 2 0 0 0 0
3459 2 0 0 0 2
3472 2 0 0 0 0
3475 2 0 0 0 0
3490 2 0 0 0 2
3505 2 0 0 0 0
3520 2 0 2 0 0
3535 2 0 2 0 0
3550 2 0 2 0 0
3565 2 0 2 0 0
3580 2 0 2 0 0
3595 2 0 2 0 0
3612 0 0 2 0 0
3615 2 0 2 0 0
3630 2 0 2 0 0
3645 2 0 2 0 2
3657 2 0 0 0 2
3660 2 0 0 0 0
3675 2 0 2 0 0
3690 2 0 2 0 0
3705 2 0 2 0 0
3720 0 0 0 0 0
3735 0 5 0 0 0
3748 2 0 0 0 0
3751 2 0 2 0 0
3766 2 0 2 0 2
3781 2 0 2 0 2
3796 2 0 2 0 0
3811 2 0 2 0 0
3826 2 0 2 0 0
3841 2 0 2 0 0
3856 2 0 2 0 0
3861 2 0 0 0 0
3864 2 0 2 0 0
3879 2 0 0 0 0
3894 2 0 0 0 0
3900 0 0 0 0 0
3903 2 0 0 0 0
3918 2 0 0 0 0
3933 0 5 0 0 2
3948 2 0 2 0 0
3963 2 0 2 0 0
3978 0 5 0 0 0
3993 3 5 2 0 0
4008 0 5 0 0 0
4024 3 5 0 0 0
4027 3 5 0 0 0
4042 2 0 2 0 0
4057 3 0 0 0 0
4072 2 0 0 0 2
4087 2 0 0 0 2
4102 2 0 0 0 2
4117 2 0 2 0 0
4132 2 0 0 0 2
4147 2 0 0 0 0
4162 2 0 0 0 2
4177 2 0 0 0 0
4192 2 0 0 0 2
4207 2 0 0 0 0
4222 0 0 0 0 0
4237 0 0 0 0 0
4252 0 0 0 0 0
4267 2 0 2 0 0
4282 2 0 2 0 0
4297 0 0 2 0 0
4312 2 0 2 0 0
4327 0 0 0 0 0
4342 2 0 2 0 0
4357 2 0 2 0 0
4372 0 0 2 0 2
4387 2 0 2 0 0
4402 2 0 0 0 0
4417 2 0 0 0 0
4432 2 0 2 0 0
4447 0 0 0 0 0
4462 0 0 3 0 2
4477 0 0 3 0 0
4492 0 0 0 0 0
4507 0 0 0 0 0
4522 0 0 0 0 2
4537 0 0 0 0 0
4552 0 0 0 0 0
4567 0 0 0 0 0
4582 0 0 0 0 0
4597 0 0 0 0 2
4612 0 0 0 0 0
4627 0 0 0 0 0
4642 2 0 0 0 0
4649 2 0 0 0 0
