103 0 0 0 0 0
118 0 0 0 0 0
133 0 0 0 0 0
145 0 0 0 0 0
148 0 0 0 0 0
163 0 0 0 0 0
178 0 0 0 0 0
193 0 0 0 0 0
208 2 0 0 0 2
223 2 0 0 0 2
238 2 0 2 0 2
253 2 0 2 0 2
268 2 0 2 0 2
283 2 0 2 0 0
298 0 0 2 0 0
313 0 0 2 0 2
328 2 0 2 0 0
343 2 0 2 0 2
358 2 0 2 0 2
373 2 0 2 0 2
388 0 0 2 0 2
403 2 0 2 0 2
418 2 0 2 0 0
433 2 0 2 0 0
448 2 0 2 0 2
463 2 0 2 0 2
478 2 0 2 0 2
493 2 0 2 0 2
506 2 0 2 0 2
509 2 0 2 0 2
524 3 0 0 0 0
539 2 0 2 0 0
554 3 0 2 0 0
569 2 0 0 0 2
584 3 0 2 0 2
599 3 0 2 0 0
614 3 0 2 0 2
629 2 0 2 0 2
644 3 0 0 0 2
659 2 0 3 0 2
674 3 5 2 0 2
689 2 0 0 0 2
704 3 5 2 0 2
719 2 0 0 0 2
734 2 0 2 0 2
749 2 0 2 0 2
764 2 0 2 0 2
767 3 5 2 0 2
782 2 0 0 0 2
797 2 0 2 0 2
812 2 0 0 0 2
831 2 0 3 0 0
834 2 0 3 0 0
849 2 0 2 0 0
864 2 0 2 0 2
879 2 0 2 0 2
894 2 0 2 0 2
909 2 0 0 0 0
924 2 0 2 0 0
939 0 0 2 0 0
956 0 0 0 0 2
959 0 0 0 0 0
974 0 0 0 0 2
989 2 0 2 0 2
1004 2 0 2 0 2
1019 2 0 2 0 2
1026 3 5 2 0 0
1029 2 0 2 0 2
1044 2 0 2 0 2
1059 2 0 2 0 2
1074 0 5 0 0 2
1089 2 0 0 0 2
1104 3 5 0 0 2
1119 2 0 0 0 2
1134 2 0 0 0 2
1149 2 0 0 0 2
1164 2 0 0 0 2
1179 2 0 0 0 2
1194 2 0 0 0 2
1209 2 0 0 0 2
1224 3 5 0 0 2
1237 2 0 0 0 2
1240 2 0 0 0 2
1255 2 0 0 0 2
1270 2 0 2 0 2
1285 2 0 2 0 2
1300 2 0 2 0 2
1315 2 0 2 0 2
1331 2 0 2 0 2
1334 2 0 2 0 2
1349 2 0 2 0 2
1364 2 0 2 0 2
1379 2 0 2 0 2
1394 3 5 2 0 2
1409 3 5 2 0 2
1424 3 0 2 0 2
1439 3 0 0 0 2
1455 2 0 0 0 0
1458 3 0 0 0 2
1473 2 0 0 0 2
1488 3 5 2 0 0
1503 2 0 2 0 2
1518 2 0 2 0 2
1533 0 0 2 0 0
1548 2 0 2 0 0
1563 2 0 0 0 0
1578 2 0 2 0 0
1593 2 0 2 0 0
1606 2 0 2 0 0
1609 2 0 2 0 2
1624 2 0 2 0 0
1639 2 0 2 0 2
1654 2 0 0 0 0
1669 2 0 0 0 2
1684 2 0 0 0 2
1699 2 0 3 0 2
1714 2 0 3 0 2
1729 2 0 0 0 2
1744 2 0 0 0 2
1759 2 0 0 0 2
1774 2 0 0 0 2
1789 2 0 0 0 0
1804 2 0 0 0 2
1819 2 0 0 0 2
1834 2 0 0 0 2
1849 2 0 0 0 2
1864 2 0 0 0 2
1879 2 0 0 0 2
1894 2 0 0 0 2
1909 2 0 0 0 2
1924 2 0 0 0 2
1939 2 0 0 0 2
1954 2 0 0 0 2
1969 2 0 0 0 2
1984 2 0 0 0 2
1999 2 0 0 0 2
2014 2 0 0 0 2
2026 2 0 0 0 0
2029 2 0 0 0 0
2044 2 0 0 0 0
2059 0 5 0 0 0
2074 0 0 0 0 0
2089 0 0 0 0 0
2104 0 5 0 0 0
2119 0 0 0 0 0
2134 0 0 0 0 0
2149 0 0 0 0 0
2164 0 0 0 0 0
2179 0 0 0 0 0
2194 0 0 0 0 2
2209 0 0 0 0 0
2224 0 0 0 0 0
2239 0 0 0 0 0
2254 0 0 0 0 0
2269 0 0 0 0 0
2280 0 0 0 0 0
2283 0 0 0 0 0
2298 0 0 0 0 0
2313 0 0 0 0 0
2328 0 0 0 0 0
2343 0 0 3 0 0
2358 0 0 3 0 0
2373 0 0 2 0 0
2379 0 0 0 0 0
2382 0 0 0 0 2
2397 0 0 0 0 0
2412 0 0 2 0 0
2427 3 5 0 0 2
2442 0 0 0 0 2
2457 0 0 0 0 2
2472 0 0 0 0 2
2487 0 0 0 0 0
2502 2 0 0 0 0
2517 0 0 0 0 0
2532 0 0 0 0 0
2547 0 0 2 0 0
2562 2 0 0 0 0
2577 2 0 2 0 0
2592 2 0 0 0 0
2604 2 0 0 0 0
2607 0 5 0 0 2
2622 0 0 0 0 0
2637 3 5 0 0 0
2652 0 5 0 0 2
2667 2 0 0 0 2
2682 2 0 0 0 0
2697 0 0 0 0 0
2712 3 0 0 0 0
2727 0 0 2 0 0
2742 2 0 0 0 0
2757 0 0 0 0 0
2772 0 0 0 0 0
2787 2 0 2 0 2
2802 2 0 0 0 0
2817 0 0 0 0 0
2832 2 0 0 0 0
2847 2 0 2 0 0
2862 2 0 0 0 0
2877 3 0 2 0 0
2892 3 5 0 0 2
2907 3 0 0 0 2
2922 2 0 2 0 2
2937 2 0 2 0 2
2946 2 0 2 0 2
2949 2 0 2 0 0
2964 2 0 2 0 0
2979 2 0 2 0 0
2994 2 0 2 0 0
3009 2 0 0 0 2
3024 0 5 0 0 0
3039 0 5 0 0 0
3054 0 5 0 0 0
3061 0 5 0 0 0
3064 0 0 0 0 0
3079 0 0 2 0 2
3094 0 0 3 0 0
3109 0 0 0 0 2
3124 0 0 0 0 0
3134 0 0 0 0 0
