94 0 0 0 0 0
109 0 0 2 0 0
124 0 0 0 0 0
139 0 0 0 0 0
154 0 0 0 0 0
164 0 0 0 0 0
167 0 0 0 0 0
182 0 0 0 0 0
197 0 0 0 0 0
212 0 0 0 0 0
227 2 0 0 0 0
242 3 0 0 0 0
257 3 0 2 0 2
272 2 0 0 0 2
287 2 0 0 0 2
302 2 0 0 0 2
317 2 0 0 0 2
332 2 0 2 0 2
347 2 0 0 0 2
366 2 0 2 0 2
369 2 0 2 0 2
384 2 0 0 0 2
399 2 0 2 0 0
414 2 0 2 0 2
429 2 0 0 0 0
444 2 0 2 0 0
459 2 0 2 0 2
474 2 0 0 0 2
489 2 0 0 0 2
504 2 0 2 0 0
519 2 0 0 0 2
534 2 0 2 0 2
550 2 0 0 0 2
553 2 0 0 0 2
568 0 0 2 0 2
583 2 0 2 0 2
598 3 0 2 0 2
613 2 0 2 0 2
628 2 0 2 0 2
643 2 0 2 0 0
658 2 0 0 0 0
673 2 0 2 0 2
688 2 0 2 0 2
703 2 0 2 0 2
718 2 0 2 0 2
733 2 0 2 0 2
748 2 0 2 0 2
761 2 0 2 0 2
764 0 5 2 0 0
779 2 0 2 0 2
794 2 0 2 0 2
809 2 0 2 0 2
824 2 0 2 0 2
842 2 0 2 0 2
845 2 0 2 0 2
860 2 0 2 0 2
875 2 0 2 0 0
890 2 0 2 0 2
905 2 0 0 0 2
920 3 0 0 0 2
935 3 0 2 0 2
950 0 0 2 0 2
965 0 0 2 0 2
983 3 0 2 0 2
986 3 0 2 0 2
1001 0 0 0 0 2
1016 3 5 2 0 2
1031 2 0 0 0 2
1046 2 0 2 0 2
1061 2 0 2 0 2
1076 2 0 0 0 2
1091 0 5 0 0 0
1106 3 5 0 0 2
1122 2 0 2 0 2
1125 2 0 0 0 2
1140 2 0 2 0 2
1155 2 0 0 0 2
1170 2 0 0 0 2
1185 2 0 0 0 2
1200 2 0 0 0 2
1215 3 5 2 0 2
1230 2 0 0 0 2
1245 2 0 0 0 2
1260 2 0 0 0 2
1275 2 0 0 0 2
1290 2 0 0 0 2
1305 2 0 0 0 2
1320 2 0 0 0 2
1335 2 0 0 0 2
1350 2 0 0 0 2
1365 2 0 0 0 2
1380 2 0 0 0 2
1395 2 0 0 0 2
1398 2 0 0 0 2
1413 2 0 2 0 2
1428 2 0 2 0 2
1443 2 0 2 0 2
1458 2 0 2 0 2
1467 2 0 2 0 2
1470 2 0 2 0 2
1485 2 0 2 0 2
1500 2 0 2 0 2
1515 2 0 2 0 2
1530 2 0 2 0 2
1545 2 0 2 0 2
1560 2 0 2 0 2
1575 2 0 0 0 2
1590 2 0 2 0 2
1605 3 5 0 0 0
1614 3 5 2 0 0
1617 3 5 0 0 0
1632 3 5 2 0 2
1647 2 0 2 0 2
1662 2 0 2 0 2
1677 2 0 2 0 2
1692 2 0 2 0 0
1707 2 0 2 0 0
1722 2 0 2 0 0
1736 2 0 2 0 2
1739 2 0 2 0 0
1754 2 0 0 0 2
1769 0 0 0 0 2
1784 2 0 0 0 2
1799 2 0 0 0 2
1814 2 0 0 0 2
1829 2 0 0 0 2
1844 2 0 0 0 2
1859 2 0 0 0 2
1874 2 0 0 0 2
1889 2 0 0 0 2
1904 2 0 0 0 2
1909 2 0 0 0 2
1912 2 0 0 0 2
1927 0 5 0 0 0
1942 2 0 0 0 2
1957 0 5 0 0 0
1972 2 0 0 0 0
1987 2 0 0 0 0
2002 2 0 0 0 0
2017 2 0 0 0 0
2032 2 0 0 0 0
2047 2 0 0 0 0
2062 2 0 0 0 2
2077 2 0 0 0 2
2092 2 0 0 0 0
2107 2 0 0 0 2
2122 2 0 0 0 2
2137 2 0 0 0 0
2152 2 0 0 0 0
2167 2 0 0 0 0
2182 0 0 0 0 0
2197 0 5 0 0 0
2212 0 5 0 0 0
2227 2 0 0 0 2
2242 2 0 2 0 2
2257 2 0 0 0 0
2272 2 0 0 0 0
2287 2 0 0 0 0
2302 0 5 0 0 0
2317 3 5 0 0 0
2332 2 0 0 0 2
2347 2 0 0 0 0
2362 2 0 2 0 2
2377 2 0 2 0 2
2392 2 0 2 0 2
2407 2 0 0 0 0
2424 3 5 0 0 0
2427 3 0 3 0 0
2442 3 0 0 0 2
2457 3 0 0 0 2
2472 0 0 0 0 0
2487 3 0 2 0 0
2501 0 0 2 0 0
2504 3 0 0 0 0
2519 0 0 2 0 0
2534 2 0 3 0 0
2549 0 0 2 0 0
2564 0 0 2 0 0
2579 0 0 0 0 0
2594 0 0 0 0 2
2609 3 0 3 0 0
2624 2 0 2 0 0
2641 0 0 0 0 0
2644 0 0 2 0 0
2659 2 0 0 0 0
2674 0 0 0 0 0
2689 0 0 0 0 0
2704 0 0 0 0 2
2719 0 0 0 0 0
2734 2 0 0 0 2
2749 0 0 0 0 0
2764 2 0 0 0 2
2779 2 0 0 0 2
2794 2 0 2 0 0
2809 2 0 2 0 0
2824 3 0 2 0 0
2839 2 0 2 0 0
2854 2 0 0 0 2
2869 2 0 0 0 2
2884 0 0 0 0 2
2899 0 0 0 0 2
2914 2 0 0 0 2
2929 2 0 0 0 2
2944 2 0 2 0 0
2959 2 0 2 0 0
2976 2 0 2 0 0
2979 2 0 2 0 0
2994 0 0 2 0 0
3009 2 0 2 0 0
3024 0 0 2 0 0
3039 0 0 2 0 0
3049 2 0 2 0 0
3052 0 0 2 0 0
3067 2 0 2 0 0
3082 0 0 2 0 0
3097 3 0 2 0 0
3112 0 0 2 0 0
3127 0 0 2 0 0
